e=2.71828
pi=3.141592
a=15